68,34,387,262,955,182,693,528,290,108,289,105,593,889,16,645,227,201,929,279,580,114,190,776,702,774,913,522,47,408,757,116,14,51,997,278,2,836,964,45,841,667,917,394,194,411,865,445,804,485,72,395,594,564,822,75,264,877,705,62,200,878,178,118,598,77,703,911,552,524,931,173,270,890,167,972,205,217,189,812,962,542,702,890,97,155,639,945,265,281,169,923,695,601,470,388,85,907,195,392
816,263,521,423,952,817,329,94,503,808,942,372,937,803,220,914,576,738,5,76,746,128,565,660,908,839,225,302,847,29,554,371,479,20,339,66,338,183,143,822,873,826,514,154,541,734,792,378,503,619,388,266,347,506,75,577,960,126,46,126,423,170,637,345,11,62,951,609,201,440,947,195,743,673,430,170,314,79,576,465,246,994,585,821,97,592,134,982,290,766,986,613,335,334,181,456,828,969,855,746
68,34,387,262,955,182,693,528,290,108,289,105,593,889,16,645,227,201,929,279,580,114,190,776,702,774,913,522,47,408,757,116,14,51,997,278,2,836,964,45,841,667,917,394,194,411,865,445,804,485
72,395,594,564,822,75,264,877,705,62,200,878,178,118,598,77,703,911,552,524,931,173,270,890,167,972,205,217,189,812,962,542,702,890,97,155,639,945,265,281,169,923,695,601,470,388,85,907,195,392
68,34,387,262,955,182,693,528,290,108,289,105,593,889,16,645,227,201,929,279,580,114,190,776,702
774,913,522,47,408,757,116,14,51,997,278,2,836,964,45,841,667,917,394,194,411,865,445,804,485
68,34,387,262,955,182,693,528,290,108,289,105,593
889,16,645,227,201,929,279,580,114,190,776,702
68,34,387,262,955,182,693
528,290,108,289,105,593
68,34,387,262
955,182,693
68,34
387,262
68
34
387
262
955,182
693
955
182
528,290,108
289,105,593
528,290
108
528
290
289,105
593
289
105
889,16,645,227,201,929
279,580,114,190,776,702
889,16,645
227,201,929
889,16
645
889
16
227,201
929
227
201
279,580,114
190,776,702
279,580
114
279
580
190,776
702
190
776
774,913,522,47,408,757,116,14,51,997,278,2,836
964,45,841,667,917,394,194,411,865,445,804,485
774,913,522,47,408,757,116
14,51,997,278,2,836
774,913,522,47
408,757,116
774,913
522,47
774
913
522
47
408,757
116
408
757
14,51,997
278,2,836
14,51
997
14
51
278,2
836
278
2
964,45,841,667,917,394
194,411,865,445,804,485
964,45,841
667,917,394
964,45
841
964
45
667,917
394
667
917
194,411,865
445,804,485
194,411
865
194
411
445,804
485
445
804
72,395,594,564,822,75,264,877,705,62,200,878,178,118,598,77,703,911,552,524,931,173,270,890,167
972,205,217,189,812,962,542,702,890,97,155,639,945,265,281,169,923,695,601,470,388,85,907,195,392
72,395,594,564,822,75,264,877,705,62,200,878,178
118,598,77,703,911,552,524,931,173,270,890,167
72,395,594,564,822,75,264
877,705,62,200,878,178
72,395,594,564
822,75,264
72,395
594,564
72
395
594
564
822,75
264
822
75
877,705,62
200,878,178
877,705
62
877
705
200,878
178
200
878
118,598,77,703,911,552
524,931,173,270,890,167
118,598,77
703,911,552
118,598
77
118
598
703,911
552
703
911
524,931,173
270,890,167
524,931
173
524
931
270,890
167
270
890
972,205,217,189,812,962,542,702,890,97,155,639,945
265,281,169,923,695,601,470,388,85,907,195,392
972,205,217,189,812,962,542
702,890,97,155,639,945
972,205,217,189
812,962,542
972,205
217,189
972
205
217
189
812,962
542
812
962
702,890,97
155,639,945
702,890
97
702
890
155,639
945
155
639
265,281,169,923,695,601
470,388,85,907,195,392
265,281,169
923,695,601
265,281
169
265
281
923,695
601
923
695
470,388,85
907,195,392
470,388
85
470
388
907,195
392
907
195
816,263,521,423,952,817,329,94,503,808,942,372,937,803,220,914,576,738,5,76,746,128,565,660,908,839,225,302,847,29,554,371,479,20,339,66,338,183,143,822,873,826,514,154,541,734,792,378,503,619
388,266,347,506,75,577,960,126,46,126,423,170,637,345,11,62,951,609,201,440,947,195,743,673,430,170,314,79,576,465,246,994,585,821,97,592,134,982,290,766,986,613,335,334,181,456,828,969,855,746
816,263,521,423,952,817,329,94,503,808,942,372,937,803,220,914,576,738,5,76,746,128,565,660,908
839,225,302,847,29,554,371,479,20,339,66,338,183,143,822,873,826,514,154,541,734,792,378,503,619
816,263,521,423,952,817,329,94,503,808,942,372,937
803,220,914,576,738,5,76,746,128,565,660,908
816,263,521,423,952,817,329
94,503,808,942,372,937
816,263,521,423
952,817,329
816,263
521,423
816
263
521
423
952,817
329
952
817
94,503,808
942,372,937
94,503
808
94
503
942,372
937
942
372
803,220,914,576,738,5
76,746,128,565,660,908
803,220,914
576,738,5
803,220
914
803
220
576,738
5
576
738
76,746,128
565,660,908
76,746
128
76
746
565,660
908
565
660
839,225,302,847,29,554,371,479,20,339,66,338,183
143,822,873,826,514,154,541,734,792,378,503,619
839,225,302,847,29,554,371
479,20,339,66,338,183
839,225,302,847
29,554,371
839,225
302,847
839
225
302
847
29,554
371
29
554
479,20,339
66,338,183
479,20
339
479
20
66,338
183
66
338
143,822,873,826,514,154
541,734,792,378,503,619
143,822,873
826,514,154
143,822
873
143
822
826,514
154
826
514
541,734,792
378,503,619
541,734
792
541
734
378,503
619
378
503
388,266,347,506,75,577,960,126,46,126,423,170,637,345,11,62,951,609,201,440,947,195,743,673,430
170,314,79,576,465,246,994,585,821,97,592,134,982,290,766,986,613,335,334,181,456,828,969,855,746
388,266,347,506,75,577,960,126,46,126,423,170,637
345,11,62,951,609,201,440,947,195,743,673,430
388,266,347,506,75,577,960
126,46,126,423,170,637
388,266,347,506
75,577,960
388,266
347,506
388
266
347
506
75,577
960
75
577
126,46,126
423,170,637
126,46
126
126
46
423,170
637
423
170
345,11,62,951,609,201
440,947,195,743,673,430
345,11,62
951,609,201
345,11
62
345
11
951,609
201
951
609
440,947,195
743,673,430
440,947
195
440
947
743,673
430
743
673
170,314,79,576,465,246,994,585,821,97,592,134,982
290,766,986,613,335,334,181,456,828,969,855,746
170,314,79,576,465,246,994
585,821,97,592,134,982
170,314,79,576
465,246,994
170,314
79,576
170
314
79
576
465,246
994
465
246
585,821,97
592,134,982
585,821
97
585
821
592,134
982
592
134
290,766,986,613,335,334
181,456,828,969,855,746
290,766,986
613,335,334
290,766
986
290
766
613,335
334
613
335
181,456,828
969,855,746
181,456
828
181
456
969,855
746
969
855
