0,1,2,4,5,6,7,8,9,10,11,12,13,14,15,16,17,18,19,20,21,22,23,24,25,26,27,28,29,30,31,32,33,34,35,36,37,38,39,40
0,1,2,4,5,6,8,9,10,11,12,13,14,15,16,17,18,19,20,21,22,23,24,25,26,27,28,29,30,31,32,33,34,35,36,37,38,39,40
0,1,2,4,5,6,8,9,10,12,13,14,15,16,17,18,19,20,21,22,23,24,25,26,27,28,29,30,31,32,33,34,35,36,37,38,39,40
0,1,2,4,5,6,8,9,10,12,13,14,16,17,18,19,20,21,22,23,24,25,26,27,28,29,30,31,32,33,34,35,36,37,38,39,40
0,1,2,4,5,6,8,9,10,12,13,14,16,17,18,20,21,22,23,24,25,26,27,28,29,30,31,32,33,34,35,36,37,38,39,40
0,1,2,4,5,6,8,9,10,12,13,14,16,17,18,20,21,22,24,25,26,27,28,29,30,31,32,33,34,35,36,37,38,39,40
0,1,2,4,5,6,8,9,10,12,13,14,16,17,18,20,21,22,24,25,26,28,29,30,31,32,33,34,35,36,37,38,39,40
0,1,2,4,5,6,8,9,10,12,13,14,16,17,18,20,21,22,24,25,26,28,29,30,32,33,34,35,36,37,38,39,40
0,1,2,4,5,6,8,9,10,12,13,14,16,17,18,20,21,22,24,25,26,28,29,30,32,33,34,36,37,38,39,40
0,1,2,4,5,6,8,9,10,12,13,14,16,17,18,20,21,22,24,25,26,28,29,30,32,33,34,36,37,38,40
0,1,4,5,6,8,9,10,12,13,14,16,17,18,20,21,22,24,25,26,28,29,30,32,33,34,36,37,38,40
0,1,4,5,6,9,10,12,13,14,16,17,18,20,21,22,24,25,26,28,29,30,32,33,34,36,37,38,40
0,1,4,5,6,9,10,12,14,16,17,18,20,21,22,24,25,26,28,29,30,32,33,34,36,37,38,40
0,1,4,5,6,9,10,12,14,16,17,20,21,22,24,25,26,28,29,30,32,33,34,36,37,38,40
0,1,4,5,6,9,10,12,14,16,17,20,21,22,25,26,28,29,30,32,33,34,36,37,38,40
0,1,4,5,6,9,10,12,14,16,17,20,21,22,25,26,28,30,32,33,34,36,37,38,40
0,1,4,5,6,9,10,12,14,16,17,20,21,22,25,26,28,30,32,33,36,37,38,40
0,1,4,5,6,9,10,12,14,16,17,20,21,22,25,26,28,30,32,33,36,37,38
0,1,4,6,9,10,12,14,16,17,20,21,22,25,26,28,30,32,33,36,37,38
0,1,4,6,9,10,14,16,17,20,21,22,25,26,28,30,32,33,36,37,38
0,1,4,6,9,10,14,16,17,21,22,25,26,28,30,32,33,36,37,38
0,1,4,6,9,10,14,16,17,21,22,25,28,30,32,33,36,37,38
0,1,4,6,9,10,14,16,17,21,22,25,28,30,32,36,37,38
1,4,6,9,10,14,16,17,21,22,25,28,30,32,36,37,38
1,4,6,10,14,16,17,21,22,25,28,30,32,36,37,38
1,4,6,10,14,16,21,22,25,28,30,32,36,37,38
1,4,6,10,14,16,21,22,25,30,32,36,37,38
1,4,6,10,14,16,21,22,25,30,32,36,38
1,4,10,14,16,21,22,25,30,32,36,38
1,4,10,14,16,22,25,30,32,36,38
1,4,10,14,16,22,25,30,36,38
1,10,14,16,22,25,30,36,38
1,10,14,16,25,30,36,38
1,10,14,16,25,30,36
1,10,14,25,30,36
10,14,25,30,36
10,14,25,36
10,14,36
10,14
10
